2500 1000
200
169
190
163
179
61
125
44
142
171
107
175
75
28
66
89
153
113
23
81
128
43
171
120
144
104
184
145
132
79
111
102
183
84
106
152
120
4
117
161
143
29
158
51
69
93
106
173
190
143
19
110
70
95
92
85
163
86
30
57
62
59
193
27
129
172
113
13
77
40
41
29
40
199
179
138
144
107
132
93
92
166
17
170
172
78
159
16
26
132
11
183
4
186
22
103
167
61
89
100
137
81
180
113
130
135
104
194
92
160
101
113
77
125
1
41
180
55
76
106
59
49
32
114
18
140
136
75
94
191
148
26
132
179
177
7
47
136
118
76
173
117
22
128
18
122
162
143
73
94
187
40
122
96
128
23
95
98
17
124
62
16
77
15
193
160
200
68
4
159
124
96
24
194
25
166
141
63
174
179
126
188
162
95
6
152
155
154
121
50
79
78
149
82
4
109
200
169
109
194
118
107
45
72
187
110
21
57
84
153
131
69
54
60
10
189
178
45
52
15
79
33
92
110
88
45
58
61
41
184
146
3
3
154
14
8
33
16
59
160
107
180
176
151
60
5
129
184
59
99
128
82
28
117
188
25
193
53
55
61
80
77
188
9
136
9
69
57
192
49
51
41
84
133
91
199
154
181
14
46
42
17
193
74
154
83
128
179
62
54
157
15
44
183
16
70
12
2
9
135
103
70
94
183
40
191
84
26
11
47
12
117
101
99
129
49
58
117
184
172
79
133
151
81
154
133
159
84
174
79
2
29
97
63
5
80
45
111
69
172
93
172
126
79
180
5
139
56
113
114
187
145
76
97
145
145
45
171
121
99
73
61
23
180
85
142
118
43
28
58
115
71
167
47
70
143
48
67
76
188
84
166
67
57
11
133
200
147
64
183
86
90
46
115
54
115
113
52
179
157
173
155
109
23
189
47
119
150
148
82
60
90
29
182
42
28
171
9
26
31
48
1
79
193
12
135
182
98
169
92
25
85
155
177
194
19
32
179
147
197
162
79
52
150
83
185
10
127
200
105
100
27
6
27
127
141
82
79
78
171
5
188
75
97
48
57
7
100
58
52
19
60
51
155
117
136
115
14
184
116
186
39
32
151
105
97
100
69
84
85
124
9
103
77
50
16
12
60
21
111
64
81
74
59
158
125
57
176
179
18
91
25
131
102
60
34
169
43
121
73
121
160
48
78
56
70
136
55
49
192
29
23
13
86
109
63
192
84
150
159
185
25
161
61
130
68
98
105
172
135
58
85
155
178
82
180
166
167
11
43
60
142
29
119
94
26
178
128
59
12
70
177
194
112
104
159
79
8
154
81
97
197
196
166
146
167
82
161
53
86
163
159
121
183
139
83
189
8
97
23
60
25
31
82
109
37
73
158
37
179
197
194
137
109
100
16
191
102
113
32
152
15
110
189
46
44
41
39
175
97
106
49
2
47
112
22
164
40
29
193
15
28
155
132
36
94
3
58
31
45
175
124
129
139
68
190
189
54
165
157
65
117
53
101
157
118
125
93
194
187
80
140
183
3
81
22
34
151
128
44
161
102
82
64
59
93
144
117
48
111
140
153
176
13
102
166
64
59
146
46
151
130
93
6
182
73
50
143
30
107
110
134
140
105
43
102
179
168
50
99
26
66
164
49
10
43
12
86
117
85
180
182
110
99
24
54
183
78
51
181
102
28
159
145
195
59
158
39
33
29
110
77
132
168
78
185
36
73
123
148
66
193
29
152
49
83
142
67
127
120
38
159
73
86
69
125
104
137
141
91
196
197
8
76
14
159
176
90
9
96
200
180
195
40
107
32
149
152
158
91
188
146
137
110
182
165
11
6
156
159
45
4
19
143
151
146
157
157
100
138
153
86
78
16
1
165
6
182
33
85
103
182
168
92
138
26
12
12
98
187
14
73
72
50
115
108
89
154
1
14
96
82
170
155
123
173
192
167
10
193
6
134
56
55
119
169
167
70
9
110
18
189
165
24
17
123
174
101
11
183
93
104
22
164
120
178
19
154
23
98
55
132
125
187
26
33
161
19
109
5
22
9
29
15
122
3
47
27
114
150
180
108
157
124
12
184
24
176
191
134
101
145
199
12
133
140
124
69
2
27
185
45
57
180
70
185
35
195
45
187
52
136
116
26
54
8
117
41
2
50
151
153
63
85
92
34
176
61
104
99
52
120
200
154
122
61
163
136
150
181
48
188
38
3
134
3
183
17
119
93
1
135
3
74
59
133
177
122
178
10
86
167
192
30
76
126
198
29
190
162
